007491
020227
025209
000595
017472
006503
022365
023639
025833
017103
020900
001701
010364
011120
025422
004409
025491
003853
005885
018185
164205
019548
025949
320022
001630
000136
023519
024751
020256
026623
005911
000263
011474
519126
016531
000043
019118
000595
023896
014162
017470
023829
018124
018125
014642
015897
020465
016269
016269
017522
020483
025333
320007
020065
001224
001298
011613
519767
003494
001071
010310
014143
021970
519674
020457
022486
017838
025163
004253
002671
005918
015642
019000
012709
001595
011103
005661
005395
011261
020741
001593
519697
008929
023573
050026
001178
017193
018490
019261
006229
013478
005711
000251
004997
010160
001632
003096
005827
016843
001679
002079
003095
260108
110011
014674
001875
011871
004851
010718
000831
001102
012997
012043
001553
519915
012414
161725
501058
013128
001717
010685
018380
021760
012863
001156
022739